S1 	100000 		-25000.0 	0.0    0.0 0.0  100
S2 	-100000 	25000.0 	0.0    0.0 0.0  100
0ime 50 33000	 9000	 -9.8e-05	 -9.6e-05	 50
1ime -50 37000	 -2000	 3e-05	 6.6e-05	 50
2ime 50 44000	 6000	 2e-06	 3.4e-05	 50
3ime -50 8000	 -43000	 -4.8e-05	 9.4e-05	 50
4ime 50 -41000	 -30000	 6.8e-05	 -4.6e-05	 50
5ime -50 -7000	 -27000	 -1.6e-05	 -3e-05	 50
6ime 50 19000	 -38000	 -5.4e-05	 -6e-06	 50
7ime -50 48000	 -13000	 -9e-05	 2.2e-05	 50
8ime 50 48000	 16000	 -1.6e-05	 1.2e-05	 50
9ime -50 -41000	 -14000	 -9.8e-05	 2.8e-05	 50
10ime 50 -18000	 19000	 -2e-06	 5.8e-05	 50
11ime -50 1000	 16000	 -4.4e-05	 2e-05	 50
12ime 50 22000	 25000	 3.4e-05	 9e-05	 50
13ime -50 24000	 39000	 1.8e-05	 -8e-06	 50
14ime 50 12000	 8000	 6.6e-05	 -3.6e-05	 50
15ime -50 -48000	 -3000	 4.4e-05	 3.6e-05	 50
16ime 50 49000	 -3000	 5.2e-05	 0	 50
17ime -50 19000	 -33000	 -5.8e-05	 7.2e-05	 50
18ime 50 -29000	 20000	 -5e-05	 -2e-05	 50
19ime -50 -38000	 -17000	 2.4e-05	 -3e-05	 50
20ime 50 -15000	 6000	 -4e-05	 4e-06	 50
21ime -50 43000	 -29000	 -3.8e-05	 3.8e-05	 50
22ime 50 46000	 -28000	 1.4e-05	 -1e-05	 50
23ime -50 -16000	 32000	 3.4e-05	 -1.4e-05	 50
24ime 50 47000	 15000	 -8e-05	 -4.8e-05	 50
25ime -50 -31000	 -19000	 -0.0001	 7.6e-05	 50
26ime 50 14000	 40000	 8.8e-05	 -2.4e-05	 50
27ime -50 6000	 -50000	 -2.6e-05	 8.4e-05	 50
28ime 50 23000	 -20000	 6.8e-05	 -3e-05	 50
29ime -50 22000	 5000	 1.4e-05	 -4.8e-05	 50
30ime 50 -46000	 14000	 8.2e-05	 7.4e-05	 50
31ime -50 12000	 46000	 6.6e-05	 -2e-05	 50
32ime 50 3000	 -45000	 2.6e-05	 2.4e-05	 50
33ime -50 -23000	 10000	 -8.6e-05	 6.6e-05	 50
34ime 50 43000	 -42000	 -3e-05	 -4.6e-05	 50
35ime -50 -22000	 -16000	 -8.8e-05	 2e-05	 50
36ime 50 40000	 -8000	 7.6e-05	 8e-06	 50
37ime -50 -25000	 -27000	 -0.0001	 -2.8e-05	 50
38ime 50 -49000	 -8000	 4.2e-05	 5e-05	 50
39ime -50 38000	 9000	 1.8e-05	 -7.6e-05	 50
40ime 50 -20000	 -33000	 8.8e-05	 -2.4e-05	 50
41ime -50 31000	 -21000	 -1.4e-05	 8.8e-05	 50
42ime 50 -35000	 39000	 -6.6e-05	 2.4e-05	 50
43ime -50 -34000	 23000	 9.6e-05	 -6.4e-05	 50
44ime 50 28000	 -47000	 5.2e-05	 -9.2e-05	 50
45ime -50 33000	 39000	 5.6e-05	 -9.2e-05	 50
46ime 50 34000	 -13000	 -4e-05	 -9.8e-05	 50
47ime -50 42000	 27000	 4.6e-05	 7e-05	 50
48ime 50 17000	 -27000	 -4.4e-05	 -8.6e-05	 50
49ime -50 29000	 35000	 -1.6e-05	 3e-05	 50
50ime 50 -33000	 -31000	 -6.8e-05	 7.8e-05	 50
51ime -50 8000	 -23000	 -4.8e-05	 9.8e-05	 50
52ime 50 -14000	 41000	 3.2e-05	 2.6e-05	 50
53ime -50 12000	 -28000	 -4.8e-05	 -4e-05	 50
54ime 50 -23000	 39000	 5.8e-05	 -6.6e-05	 50
55ime -50 -28000	 -46000	 -0.0001	 -2.4e-05	 50
56ime 50 11000	 25000	 -6.8e-05	 4e-05	 50
57ime -50 3000	 5000	 -1.2e-05	 2e-06	 50
58ime 50 -4000	 46000	 -5.2e-05	 -5e-05	 50
59ime -50 8000	 1000	 2e-06	 -8.6e-05	 50
60ime 50 -40000	 39000	 -7e-05	 1.8e-05	 50
61ime -50 -30000	 43000	 -9e-05	 7.4e-05	 50
62ime 50 13000	 41000	 7.2e-05	 -7.6e-05	 50
63ime -50 -18000	 -26000	 4.8e-05	 -3.6e-05	 50
64ime 50 -36000	 -31000	 3.2e-05	 -6.6e-05	 50
65ime -50 15000	 -9000	 -6.8e-05	 -4.2e-05	 50
66ime 50 47000	 40000	 8e-06	 -9.6e-05	 50
67ime -50 25000	 -32000	 -8.8e-05	 5.6e-05	 50
68ime 50 -2000	 22000	 3.6e-05	 4.4e-05	 50
69ime -50 -30000	 20000	 -1.8e-05	 3e-05	 50
70ime 50 -7000	 -15000	 8.4e-05	 6e-06	 50
71ime -50 22000	 -15000	 2e-06	 5e-05	 50
72ime 50 20000	 28000	 -0.0001	 1.8e-05	 50
73ime -50 42000	 4000	 7.6e-05	 -3.8e-05	 50
74ime 50 -16000	 33000	 -4.8e-05	 -1.2e-05	 50
75ime -50 -19000	 35000	 6e-05	 4.4e-05	 50
76ime 50 29000	 -37000	 6e-06	 -2.2e-05	 50
77ime -50 12000	 26000	 6.8e-05	 6.8e-05	 50
78ime 50 -34000	 -19000	 -2e-05	 -8.8e-05	 50
79ime -50 17000	 -13000	 -8e-05	 4e-06	 50
80ime 50 13000	 30000	 7e-05	 -7.8e-05	 50
81ime -50 -27000	 -18000	 4.4e-05	 9e-05	 50
82ime 50 -18000	 -12000	 3e-05	 -0.0001	 50
83ime -50 -50000	 -38000	 -8.6e-05	 -8.6e-05	 50
84ime 50 -35000	 43000	 -6.8e-05	 -3.4e-05	 50
85ime -50 45000	 -40000	 -5.8e-05	 0	 50
86ime 50 -23000	 41000	 -4e-06	 -2e-05	 50
87ime -50 35000	 -5000	 2.4e-05	 -8e-06	 50
88ime 50 -50000	 32000	 2.2e-05	 2.8e-05	 50
89ime -50 27000	 -3000	 2.4e-05	 -2e-05	 50
90ime 50 48000	 -48000	 3.4e-05	 -9.4e-05	 50
91ime -50 -38000	 -28000	 1.2e-05	 -8.6e-05	 50
92ime 50 6000	 -16000	 -1.6e-05	 3.4e-05	 50
93ime -50 34000	 -45000	 -9.8e-05	 -1.4e-05	 50
94ime 50 -17000	 -36000	 -5.6e-05	 -9.8e-05	 50
95ime -50 23000	 -4000	 1.2e-05	 7.6e-05	 50
96ime 50 -3000	 42000	 7e-05	 8e-05	 50
97ime -50 12000	 -8000	 0	 -1e-05	 50
98ime 50 49000	 -32000	 2e-05	 1.2e-05	 50
99ime -50 -16000	 32000	 -9.2e-05	 -7.2e-05	 50
100ime 50 26000	 15000	 -2.6e-05	 -5.6e-05	 50
101ime -50 -2000	 -20000	 -1.4e-05	 9.8e-05	 50
102ime 50 28000	 -3000	 -2e-06	 -1e-05	 50
103ime -50 18000	 -41000	 9.8e-05	 -2e-06	 50
104ime 50 -24000	 15000	 -2e-06	 -4e-05	 50
105ime -50 30000	 38000	 -8.2e-05	 7.6e-05	 50
106ime 50 49000	 37000	 8.6e-05	 -3.4e-05	 50
107ime -50 45000	 27000	 6.8e-05	 3.4e-05	 50
108ime 50 38000	 3000	 -1.8e-05	 -4.6e-05	 50
109ime -50 -19000	 24000	 8.4e-05	 6.8e-05	 50
110ime 50 22000	 -18000	 -4.6e-05	 7.8e-05	 50
111ime -50 -33000	 9000	 9.4e-05	 5.2e-05	 50
112ime 50 46000	 -31000	 5.4e-05	 9e-05	 50
113ime -50 9000	 -43000	 -4e-05	 -4.6e-05	 50
114ime 50 39000	 -6000	 -5.6e-05	 -6.2e-05	 50
115ime -50 20000	 41000	 -4.6e-05	 -7e-05	 50
116ime 50 37000	 31000	 7.4e-05	 5.8e-05	 50
117ime -50 -25000	 24000	 3e-05	 2.4e-05	 50
118ime 50 -41000	 13000	 4.4e-05	 1.2e-05	 50
119ime -50 13000	 25000	 -3.8e-05	 -3.4e-05	 50
120ime 50 -6000	 -13000	 8.6e-05	 8.8e-05	 50
121ime -50 27000	 -26000	 -6e-05	 3.8e-05	 50
122ime 50 40000	 -33000	 -4e-05	 -3.2e-05	 50
123ime -50 34000	 40000	 7.4e-05	 1.4e-05	 50
124ime 50 -44000	 -23000	 -1.6e-05	 -6.4e-05	 50
125ime -50 -17000	 31000	 -6.8e-05	 8e-05	 50
126ime 50 -8000	 46000	 -6.4e-05	 6.8e-05	 50
127ime -50 -37000	 30000	 7e-05	 6.4e-05	 50
128ime 50 36000	 35000	 -7e-05	 2.4e-05	 50
129ime -50 9000	 45000	 2.2e-05	 5e-05	 50
130ime 50 31000	 10000	 6e-06	 1.2e-05	 50
131ime -50 5000	 7000	 -8e-06	 -7.4e-05	 50
132ime 50 -6000	 26000	 -2e-05	 4e-06	 50
133ime -50 32000	 4000	 7.2e-05	 -1.4e-05	 50
134ime 50 9000	 -23000	 -8.4e-05	 -4e-05	 50
135ime -50 42000	 12000	 5.6e-05	 -8.2e-05	 50
136ime 50 40000	 12000	 3.6e-05	 -4.2e-05	 50
137ime -50 17000	 -39000	 5.2e-05	 3e-05	 50
138ime 50 32000	 -34000	 -6e-06	 -0.0001	 50
139ime -50 -15000	 40000	 6.8e-05	 -5e-05	 50
140ime 50 -43000	 -11000	 -4.6e-05	 1e-05	 50
141ime -50 20000	 -42000	 -8e-06	 5.6e-05	 50
142ime 50 14000	 25000	 -8e-05	 2.8e-05	 50
143ime -50 -34000	 -26000	 3.8e-05	 -3.4e-05	 50
144ime 50 1000	 28000	 6.4e-05	 -7.2e-05	 50
145ime -50 -6000	 -25000	 3.6e-05	 9e-05	 50
146ime 50 -28000	 -20000	 -9e-05	 -1.4e-05	 50
147ime -50 -23000	 25000	 1.4e-05	 -6e-05	 50
148ime 50 -8000	 -38000	 -1.6e-05	 -8e-06	 50
149ime -50 33000	 41000	 -9.2e-05	 -4.2e-05	 50
150ime 50 6000	 -15000	 7.6e-05	 -4.8e-05	 50
151ime -50 13000	 19000	 -6.6e-05	 6e-06	 50
152ime 50 33000	 23000	 1.6e-05	 7e-05	 50
153ime -50 16000	 -44000	 -3.2e-05	 3.4e-05	 50
154ime 50 -15000	 41000	 -1.4e-05	 -4e-06	 50
155ime -50 42000	 -34000	 9.2e-05	 -3.6e-05	 50
156ime 50 -33000	 -24000	 4.6e-05	 -8.6e-05	 50
157ime -50 31000	 13000	 -2e-06	 4.4e-05	 50
158ime 50 -19000	 -12000	 8.2e-05	 5.6e-05	 50
159ime -50 -12000	 -6000	 8.2e-05	 -1.2e-05	 50
160ime 50 1000	 41000	 4e-06	 -9.6e-05	 50
161ime -50 19000	 -23000	 1.2e-05	 -0.0001	 50
162ime 50 10000	 40000	 4e-05	 -8.2e-05	 50
163ime -50 -20000	 32000	 -7.4e-05	 -9.4e-05	 50
164ime 50 18000	 -6000	 0	 4.6e-05	 50
165ime -50 -45000	 -4000	 -7.6e-05	 7e-05	 50
166ime 50 -17000	 46000	 6.8e-05	 -6e-05	 50
167ime -50 17000	 34000	 -2.4e-05	 1.4e-05	 50
168ime 50 -22000	 8000	 8e-06	 -9.4e-05	 50
169ime -50 41000	 -46000	 -6.8e-05	 -8.4e-05	 50
170ime 50 -20000	 47000	 -4.4e-05	 -1e-05	 50
171ime -50 -43000	 -37000	 -1.4e-05	 -6e-05	 50
172ime 50 -43000	 -27000	 5.8e-05	 2.2e-05	 50
173ime -50 6000	 49000	 -4.8e-05	 4.6e-05	 50
174ime 50 47000	 -6000	 2.2e-05	 -5.6e-05	 50
175ime -50 -12000	 -26000	 -7.8e-05	 9.6e-05	 50
176ime 50 29000	 -40000	 -1.6e-05	 1.8e-05	 50
177ime -50 47000	 4000	 6e-05	 -8.8e-05	 50
178ime 50 -11000	 -9000	 1.2e-05	 2.2e-05	 50
179ime -50 2000	 2000	 9.8e-05	 -8e-05	 50
180ime 50 -50000	 -32000	 6e-05	 5.4e-05	 50
181ime -50 -6000	 -31000	 -3.8e-05	 -1.6e-05	 50
182ime 50 37000	 16000	 -6.8e-05	 -3.2e-05	 50
183ime -50 -37000	 -32000	 -6.2e-05	 -3.2e-05	 50
184ime 50 -5000	 49000	 -2.4e-05	 8.6e-05	 50
185ime -50 27000	 -20000	 2e-06	 -8.6e-05	 50
186ime 50 -27000	 -30000	 -5.8e-05	 7.8e-05	 50
187ime -50 16000	 31000	 2e-05	 -8.6e-05	 50
188ime 50 -35000	 34000	 2.8e-05	 -5.6e-05	 50
189ime -50 -6000	 29000	 -9.8e-05	 -6e-05	 50
190ime 50 -41000	 -4000	 -6e-05	 -4e-06	 50
191ime -50 -29000	 -22000	 -3e-05	 3.8e-05	 50
192ime 50 -46000	 -45000	 -1.2e-05	 6.2e-05	 50
193ime -50 -24000	 -27000	 -6.8e-05	 7e-05	 50
194ime 50 -45000	 5000	 6e-06	 3.6e-05	 50
195ime -50 -41000	 10000	 9.4e-05	 -3.8e-05	 50
196ime 50 9000	 -41000	 -6e-06	 -3.2e-05	 50
197ime -50 -40000	 -10000	 3.4e-05	 4.2e-05	 50
198ime 50 28000	 49000	 -6.4e-05	 5.6e-05	 50
199ime -50 45000	 40000	 -2.4e-05	 -9.8e-05	 50
200ime 50 -43000	 15000	 8e-05	 5e-05	 50
201ime -50 6000	 -27000	 8.2e-05	 4.4e-05	 50
202ime 50 -3000	 8000	 -9.6e-05	 -1.2e-05	 50
203ime -50 8000	 -20000	 -8.8e-05	 5e-05	 50
204ime 50 -45000	 6000	 9.6e-05	 -6e-06	 50
205ime -50 -42000	 -48000	 -3.6e-05	 -0.0001	 50
206ime 50 32000	 48000	 8.6e-05	 3.2e-05	 50
207ime -50 -9000	 10000	 -8.4e-05	 4.8e-05	 50
208ime 50 27000	 36000	 -1.4e-05	 5.6e-05	 50
209ime -50 -1000	 48000	 -4e-06	 9.4e-05	 50
210ime 50 -4000	 33000	 1.6e-05	 -9.2e-05	 50
211ime -50 49000	 48000	 -8.4e-05	 -9.4e-05	 50
212ime 50 -30000	 1000	 2e-05	 4e-06	 50
213ime -50 10000	 29000	 -9.2e-05	 -5.2e-05	 50
214ime 50 49000	 -37000	 3.6e-05	 7.6e-05	 50
215ime -50 -2000	 -32000	 8.4e-05	 3.6e-05	 50
216ime 50 -21000	 17000	 3.4e-05	 6.2e-05	 50
217ime -50 -49000	 -33000	 -3.6e-05	 -8.2e-05	 50
218ime 50 31000	 -12000	 -7.4e-05	 6.8e-05	 50
219ime -50 31000	 -33000	 5.8e-05	 6e-06	 50
220ime 50 10000	 -9000	 -8.4e-05	 -8.4e-05	 50
221ime -50 42000	 5000	 8e-06	 8.8e-05	 50
222ime 50 40000	 28000	 -2.8e-05	 -6e-06	 50
223ime -50 -42000	 37000	 4.6e-05	 -1.6e-05	 50
224ime 50 38000	 1000	 6.8e-05	 4.6e-05	 50
225ime -50 14000	 29000	 2e-05	 1.8e-05	 50
226ime 50 -28000	 38000	 2e-06	 -2.2e-05	 50
227ime -50 -38000	 39000	 -5.2e-05	 7.4e-05	 50
228ime 50 -30000	 28000	 2.4e-05	 0	 50
229ime -50 13000	 -30000	 -9.2e-05	 4.2e-05	 50
230ime 50 -21000	 12000	 8e-06	 3.6e-05	 50
231ime -50 43000	 11000	 0	 -7e-05	 50
232ime 50 -7000	 20000	 -9.4e-05	 9.2e-05	 50
233ime -50 6000	 17000	 1.2e-05	 5.4e-05	 50
234ime 50 34000	 -38000	 8.8e-05	 -8.6e-05	 50
235ime -50 1000	 -45000	 -6.2e-05	 -8.2e-05	 50
236ime 50 -42000	 24000	 -6.2e-05	 -6.6e-05	 50
237ime -50 27000	 -25000	 -5.4e-05	 -2.8e-05	 50
238ime 50 -38000	 -31000	 0	 3.2e-05	 50
239ime -50 -3000	 -7000	 5.4e-05	 -8e-06	 50
240ime 50 33000	 -15000	 -1.2e-05	 -1.6e-05	 50
241ime -50 11000	 -42000	 -3.4e-05	 8.2e-05	 50
242ime 50 3000	 -12000	 -7.4e-05	 8.2e-05	 50
243ime -50 35000	 -24000	 -8.4e-05	 8.4e-05	 50
244ime 50 16000	 9000	 5e-05	 7.2e-05	 50
245ime -50 37000	 26000	 -6.6e-05	 3.2e-05	 50
246ime 50 -5000	 32000	 -4e-06	 -1.4e-05	 50
247ime -50 -46000	 -2000	 5.4e-05	 7.4e-05	 50
248ime 50 -16000	 -35000	 1.2e-05	 -9.6e-05	 50
249ime -50 -20000	 26000	 -3.4e-05	 6.4e-05	 50
250ime 50 23000	 -26000	 9.8e-05	 5.6e-05	 50
251ime -50 -3000	 49000	 3e-05	 -3.6e-05	 50
252ime 50 22000	 -28000	 3.2e-05	 -8.6e-05	 50
253ime -50 44000	 14000	 3.4e-05	 5.4e-05	 50
254ime 50 33000	 -43000	 5.8e-05	 6e-05	 50
255ime -50 37000	 33000	 6.8e-05	 -7.6e-05	 50
256ime 50 20000	 -9000	 8e-06	 -2.2e-05	 50
257ime -50 -26000	 -48000	 -8.4e-05	 0	 50
258ime 50 -32000	 22000	 5e-05	 -4.2e-05	 50
259ime -50 -15000	 -40000	 -2.4e-05	 -4e-06	 50
260ime 50 15000	 -23000	 2e-06	 2.2e-05	 50
261ime -50 -13000	 22000	 4.4e-05	 7.8e-05	 50
262ime 50 -32000	 -3000	 8.4e-05	 -2.4e-05	 50
263ime -50 44000	 16000	 7e-05	 -1.4e-05	 50
264ime 50 38000	 39000	 6.8e-05	 8e-06	 50
265ime -50 0	 18000	 1e-05	 4e-06	 50
266ime 50 -27000	 41000	 -6e-05	 9e-05	 50
267ime -50 -15000	 16000	 5.6e-05	 6.6e-05	 50
268ime 50 8000	 -15000	 2e-06	 3.8e-05	 50
269ime -50 -18000	 -20000	 -8e-05	 -3.8e-05	 50
270ime 50 -19000	 -10000	 8.2e-05	 8.2e-05	 50
271ime -50 -37000	 10000	 6.6e-05	 4.4e-05	 50
272ime 50 22000	 43000	 -4.4e-05	 -8.4e-05	 50
273ime -50 6000	 33000	 -1.8e-05	 9e-05	 50
274ime 50 0	 -12000	 9e-05	 8.8e-05	 50
275ime -50 9000	 13000	 3e-05	 2.8e-05	 50
276ime 50 32000	 -9000	 -4e-06	 -6.8e-05	 50
277ime -50 7000	 5000	 8.8e-05	 -4.4e-05	 50
278ime 50 19000	 -8000	 -1.2e-05	 9.6e-05	 50
279ime -50 6000	 -20000	 -3.6e-05	 5.2e-05	 50
280ime 50 34000	 26000	 6e-06	 7.2e-05	 50
281ime -50 36000	 18000	 8.2e-05	 1.4e-05	 50
282ime 50 -50000	 16000	 -9e-05	 3.8e-05	 50
283ime -50 23000	 48000	 1.2e-05	 -8.6e-05	 50
284ime 50 45000	 35000	 -9e-05	 -2.4e-05	 50
285ime -50 10000	 41000	 -6.2e-05	 -5.6e-05	 50
286ime 50 -13000	 -26000	 -6e-06	 -4e-06	 50
287ime -50 48000	 20000	 -3.8e-05	 -2.6e-05	 50
288ime 50 -35000	 6000	 -3e-05	 3.8e-05	 50
289ime -50 39000	 17000	 -0.0001	 -9.2e-05	 50
290ime 50 -35000	 -10000	 -7.6e-05	 3.2e-05	 50
291ime -50 -5000	 -16000	 3e-05	 8.2e-05	 50
292ime 50 14000	 -33000	 1.4e-05	 4.6e-05	 50
293ime -50 16000	 -18000	 -2e-05	 -2.8e-05	 50
294ime 50 24000	 4000	 4.8e-05	 -7.8e-05	 50
295ime -50 -41000	 -44000	 -4.6e-05	 3e-05	 50
296ime 50 45000	 8000	 -6.4e-05	 -2.4e-05	 50
297ime -50 19000	 -3000	 9e-05	 -8.8e-05	 50
298ime 50 -31000	 -29000	 -8.8e-05	 -2.2e-05	 50
299ime -50 -25000	 19000	 8.8e-05	 -3.4e-05	 50
300ime 50 10000	 -7000	 3.2e-05	 -3.2e-05	 50
301ime -50 42000	 -6000	 4.8e-05	 -4.2e-05	 50
302ime 50 10000	 -15000	 -9.8e-05	 -5.6e-05	 50
303ime -50 28000	 -7000	 -6.2e-05	 -1.8e-05	 50
304ime 50 31000	 -18000	 -6e-06	 6.4e-05	 50
305ime -50 -38000	 -10000	 -7e-05	 -2.8e-05	 50
306ime 50 -22000	 33000	 4e-05	 -3.6e-05	 50
307ime -50 -25000	 5000	 -3.6e-05	 2.6e-05	 50
308ime 50 -19000	 -36000	 5.2e-05	 8.6e-05	 50
309ime -50 -25000	 49000	 9.4e-05	 -8.8e-05	 50
310ime 50 -4000	 -41000	 -8.4e-05	 2e-06	 50
311ime -50 37000	 -8000	 -3.2e-05	 -2e-06	 50
312ime 50 16000	 -45000	 6.4e-05	 -6e-06	 50
313ime -50 43000	 -13000	 6.4e-05	 -6.2e-05	 50
314ime 50 -12000	 0	 -6.8e-05	 -7e-05	 50
315ime -50 -40000	 -5000	 -8e-05	 -4.4e-05	 50
316ime 50 -36000	 5000	 6.6e-05	 6.4e-05	 50
317ime -50 -7000	 7000	 4.4e-05	 8.6e-05	 50
318ime 50 -15000	 -17000	 9.6e-05	 3.8e-05	 50
319ime -50 -4000	 -8000	 2.2e-05	 -4.6e-05	 50
320ime 50 -50000	 38000	 -1.4e-05	 -4e-05	 50
321ime -50 -40000	 4000	 6.6e-05	 2e-06	 50
322ime 50 -17000	 -18000	 -8.4e-05	 3.8e-05	 50
323ime -50 -16000	 25000	 -1.8e-05	 0	 50
324ime 50 25000	 -4000	 -7e-05	 4e-05	 50
325ime -50 9000	 -46000	 5.6e-05	 -5.8e-05	 50
326ime 50 -17000	 4000	 -1.8e-05	 5.4e-05	 50
327ime -50 -3000	 4000	 -3e-05	 7.8e-05	 50
328ime 50 -21000	 -26000	 -7.4e-05	 7.6e-05	 50
329ime -50 42000	 -6000	 6.6e-05	 9.4e-05	 50
330ime 50 18000	 -5000	 -1.8e-05	 -4e-06	 50
331ime -50 -27000	 -10000	 -9.8e-05	 -5e-05	 50
332ime 50 34000	 21000	 -7.6e-05	 -1e-05	 50
333ime -50 -39000	 -10000	 4.8e-05	 9.2e-05	 50
334ime 50 24000	 47000	 -7.4e-05	 4.4e-05	 50
335ime -50 -38000	 37000	 -6.8e-05	 -4e-05	 50
336ime 50 18000	 -24000	 2.6e-05	 5.2e-05	 50
337ime -50 9000	 -50000	 -3.8e-05	 0	 50
338ime 50 -45000	 25000	 9.4e-05	 -1.6e-05	 50
339ime -50 21000	 -4000	 8.2e-05	 -1.8e-05	 50
340ime 50 11000	 -42000	 9.4e-05	 -7.6e-05	 50
341ime -50 -38000	 -40000	 4e-06	 -9.2e-05	 50
342ime 50 8000	 -16000	 -8.8e-05	 5.6e-05	 50
343ime -50 47000	 6000	 -0.0001	 2.2e-05	 50
344ime 50 35000	 -41000	 5.8e-05	 1.2e-05	 50
345ime -50 13000	 -49000	 -6.4e-05	 6.4e-05	 50
346ime 50 -31000	 12000	 8.8e-05	 1e-05	 50
347ime -50 -7000	 37000	 -4.2e-05	 2.6e-05	 50
348ime 50 18000	 -31000	 -5.6e-05	 6e-06	 50
349ime -50 -11000	 4000	 -4.8e-05	 5.2e-05	 50
350ime 50 13000	 31000	 5.6e-05	 -8.8e-05	 50
351ime -50 28000	 6000	 8.6e-05	 6e-06	 50
352ime 50 46000	 -44000	 6.4e-05	 0	 50
353ime -50 34000	 5000	 -9.8e-05	 8.8e-05	 50
354ime 50 -23000	 43000	 9.4e-05	 -4.6e-05	 50
355ime -50 -29000	 -31000	 -4e-06	 -7.2e-05	 50
356ime 50 17000	 -37000	 2e-05	 -3.2e-05	 50
357ime -50 -19000	 31000	 3.6e-05	 -4e-05	 50
358ime 50 -3000	 22000	 5.6e-05	 -4e-06	 50
359ime -50 30000	 -31000	 -6.6e-05	 3.8e-05	 50
360ime 50 -24000	 -12000	 -4.2e-05	 -4e-05	 50
361ime -50 -23000	 -31000	 -6.8e-05	 6e-06	 50
362ime 50 29000	 -15000	 6.4e-05	 5.4e-05	 50
363ime -50 -47000	 -20000	 9.4e-05	 -5e-05	 50
364ime 50 -15000	 25000	 -3e-05	 1.6e-05	 50
365ime -50 0	 26000	 0	 -9.4e-05	 50
366ime 50 18000	 -8000	 -8e-06	 7.6e-05	 50
367ime -50 -36000	 12000	 4.6e-05	 -9.6e-05	 50
368ime 50 8000	 5000	 5.2e-05	 4.4e-05	 50
369ime -50 -32000	 -49000	 1.2e-05	 -1.2e-05	 50
370ime 50 -44000	 20000	 8.4e-05	 1.6e-05	 50
371ime -50 -7000	 9000	 -2.6e-05	 -3.2e-05	 50
372ime 50 -34000	 -18000	 -7.8e-05	 -5.2e-05	 50
373ime -50 10000	 -21000	 3.4e-05	 6.6e-05	 50
374ime 50 15000	 -3000	 9e-05	 7.6e-05	 50
375ime -50 -24000	 -16000	 -6.8e-05	 7e-05	 50
376ime 50 -13000	 -27000	 -2e-06	 -8.4e-05	 50
377ime -50 22000	 3000	 4.6e-05	 -9e-05	 50
378ime 50 39000	 10000	 -8.8e-05	 8.8e-05	 50
379ime -50 27000	 2000	 7e-05	 -5.4e-05	 50
380ime 50 45000	 -39000	 -5e-05	 2e-05	 50
381ime -50 -18000	 27000	 -9.6e-05	 -5.2e-05	 50
382ime 50 -33000	 -2000	 -9.6e-05	 9.6e-05	 50
383ime -50 -49000	 36000	 2.8e-05	 -6.6e-05	 50
384ime 50 -5000	 -27000	 -7e-05	 5.4e-05	 50
385ime -50 16000	 37000	 -5.4e-05	 3.6e-05	 50
386ime 50 -43000	 4000	 -2.4e-05	 -3e-05	 50
387ime -50 21000	 22000	 3.6e-05	 -2e-05	 50
388ime 50 -29000	 34000	 -3.4e-05	 8.6e-05	 50
389ime -50 -47000	 42000	 -1.8e-05	 -1.8e-05	 50
390ime 50 8000	 -35000	 -4.8e-05	 -0.0001	 50
391ime -50 -48000	 33000	 -7e-05	 4.6e-05	 50
392ime 50 13000	 -25000	 2.2e-05	 8.2e-05	 50
393ime -50 -31000	 -49000	 -7e-05	 -8.8e-05	 50
394ime 50 -17000	 -26000	 9e-05	 -2e-06	 50
395ime -50 -46000	 -13000	 -2.6e-05	 -1.8e-05	 50
396ime 50 36000	 1000	 -5.2e-05	 9.4e-05	 50
397ime -50 13000	 -24000	 8.4e-05	 9.4e-05	 50
398ime 50 4000	 -23000	 -7.6e-05	 -9.4e-05	 50
399ime -50 40000	 40000	 -4.4e-05	 -7.2e-05	 50
400ime 50 -34000	 47000	 -9.4e-05	 8.2e-05	 50
401ime -50 -29000	 -40000	 -2.4e-05	 8e-05	 50
402ime 50 -7000	 -24000	 5.6e-05	 5.6e-05	 50
403ime -50 -50000	 45000	 1.6e-05	 -8.6e-05	 50
404ime 50 6000	 -10000	 -1e-05	 6.4e-05	 50
405ime -50 -46000	 5000	 9.4e-05	 -7.6e-05	 50
406ime 50 4000	 48000	 -8.8e-05	 -2.8e-05	 50
407ime -50 27000	 -44000	 -3.6e-05	 -9.8e-05	 50
408ime 50 -48000	 -43000	 -1e-05	 6e-05	 50
409ime -50 -36000	 -39000	 6e-06	 9.2e-05	 50
410ime 50 2000	 32000	 0	 -8.6e-05	 50
411ime -50 8000	 7000	 2.6e-05	 -8.8e-05	 50
412ime 50 45000	 33000	 -8e-05	 -1.2e-05	 50
413ime -50 22000	 12000	 -5.2e-05	 -2e-05	 50
414ime 50 26000	 -29000	 8.6e-05	 2e-06	 50
415ime -50 -1000	 -35000	 2.8e-05	 7.2e-05	 50
416ime 50 42000	 -23000	 -4e-06	 9.8e-05	 50
417ime -50 -32000	 36000	 -9.2e-05	 4e-05	 50
418ime 50 -31000	 -18000	 -8.4e-05	 1.4e-05	 50
419ime -50 30000	 -25000	 4.6e-05	 4.4e-05	 50
420ime 50 -41000	 9000	 -8.6e-05	 8e-06	 50
421ime -50 -7000	 33000	 4.2e-05	 5.6e-05	 50
422ime 50 22000	 -32000	 3.6e-05	 -3.8e-05	 50
423ime -50 17000	 31000	 -2.2e-05	 -7.4e-05	 50
424ime 50 -2000	 37000	 6.4e-05	 -1.8e-05	 50
425ime -50 -22000	 -32000	 -6.4e-05	 7.6e-05	 50
426ime 50 27000	 -9000	 -1.8e-05	 -3e-05	 50
427ime -50 38000	 47000	 5e-05	 -2.8e-05	 50
428ime 50 19000	 -38000	 8e-06	 2.4e-05	 50
429ime -50 9000	 30000	 -7.2e-05	 4.6e-05	 50
430ime 50 -31000	 4000	 1.8e-05	 -5.4e-05	 50
431ime -50 -11000	 20000	 6.6e-05	 8e-05	 50
432ime 50 -14000	 -28000	 -0.0001	 -1e-05	 50
433ime -50 7000	 -15000	 -3.6e-05	 4e-06	 50
434ime 50 30000	 -7000	 4.8e-05	 6.2e-05	 50
435ime -50 -29000	 -37000	 3.4e-05	 8e-06	 50
436ime 50 17000	 4000	 -8.8e-05	 4.8e-05	 50
437ime -50 15000	 0	 -9.6e-05	 -6e-05	 50
438ime 50 7000	 -28000	 -3e-05	 -5e-05	 50
439ime -50 -13000	 -20000	 5.8e-05	 3.4e-05	 50
440ime 50 36000	 -22000	 1e-05	 7.4e-05	 50
441ime -50 -18000	 -49000	 -9.2e-05	 4.8e-05	 50
442ime 50 -46000	 29000	 2.8e-05	 2.8e-05	 50
443ime -50 -20000	 -36000	 -2.2e-05	 3.8e-05	 50
444ime 50 -41000	 -14000	 -9.8e-05	 1.4e-05	 50
445ime -50 -6000	 9000	 5.8e-05	 5e-05	 50
446ime 50 -38000	 -47000	 -8e-06	 8e-05	 50
447ime -50 -23000	 22000	 -7.6e-05	 6.8e-05	 50
448ime 50 -32000	 -48000	 6.6e-05	 2.2e-05	 50
449ime -50 -32000	 -31000	 -8e-05	 4.8e-05	 50
450ime 50 32000	 15000	 3.6e-05	 2.2e-05	 50
451ime -50 -10000	 -3000	 4.2e-05	 2e-06	 50
452ime 50 -43000	 -10000	 -1.8e-05	 6.2e-05	 50
453ime -50 -2000	 -47000	 1.4e-05	 2.6e-05	 50
454ime 50 39000	 40000	 7e-05	 5.2e-05	 50
455ime -50 -42000	 -7000	 6.2e-05	 9.8e-05	 50
456ime 50 -35000	 32000	 -6e-06	 -5.2e-05	 50
457ime -50 -7000	 10000	 -3.8e-05	 6.8e-05	 50
458ime 50 28000	 -13000	 -9e-05	 -1e-05	 50
459ime -50 -43000	 -14000	 -4.6e-05	 -6.6e-05	 50
460ime 50 -44000	 -8000	 2.6e-05	 1.6e-05	 50
461ime -50 8000	 -49000	 -1.6e-05	 -9.2e-05	 50
462ime 50 38000	 -10000	 -7e-05	 -9e-05	 50
463ime -50 30000	 -44000	 -2e-06	 -2e-05	 50
464ime 50 38000	 27000	 4.6e-05	 -9.4e-05	 50
465ime -50 -11000	 -44000	 9.6e-05	 2.6e-05	 50
466ime 50 -42000	 -41000	 -9.8e-05	 1.6e-05	 50
467ime -50 -49000	 -16000	 7.4e-05	 2e-05	 50
468ime 50 21000	 3000	 -1.6e-05	 8e-06	 50
469ime -50 23000	 -47000	 -4.8e-05	 -2.6e-05	 50
470ime 50 -27000	 -14000	 -8.4e-05	 3.8e-05	 50
471ime -50 -2000	 4000	 -8.4e-05	 -7e-05	 50
472ime 50 -8000	 19000	 7.8e-05	 1.6e-05	 50
473ime -50 34000	 44000	 -2e-06	 6.8e-05	 50
474ime 50 -16000	 41000	 0	 2.4e-05	 50
475ime -50 -12000	 -13000	 -4.8e-05	 -3e-05	 50
476ime 50 7000	 -44000	 4.6e-05	 3.4e-05	 50
477ime -50 -31000	 -6000	 3.8e-05	 0	 50
478ime 50 31000	 -36000	 -2.4e-05	 4.4e-05	 50
479ime -50 31000	 -13000	 2e-06	 4e-06	 50
480ime 50 37000	 32000	 3.4e-05	 5.8e-05	 50
481ime -50 -31000	 -50000	 -4.6e-05	 -2.6e-05	 50
482ime 50 -18000	 35000	 8.4e-05	 1.8e-05	 50
483ime -50 38000	 -9000	 1.4e-05	 -8.8e-05	 50
484ime 50 33000	 4000	 4.6e-05	 -1.8e-05	 50
485ime -50 23000	 -38000	 4.4e-05	 -6e-06	 50
486ime 50 -16000	 -30000	 5.2e-05	 1.6e-05	 50
487ime -50 10000	 32000	 3.8e-05	 3.2e-05	 50
488ime 50 -2000	 -47000	 -5.4e-05	 5e-05	 50
489ime -50 36000	 -21000	 5.8e-05	 -7.4e-05	 50
490ime 50 23000	 -44000	 -9.8e-05	 6.6e-05	 50
491ime -50 -1000	 -21000	 -6.4e-05	 2.2e-05	 50
492ime 50 -46000	 -40000	 -1.6e-05	 -1.4e-05	 50
493ime -50 34000	 16000	 -3.2e-05	 -7.6e-05	 50
494ime 50 -4000	 42000	 6e-06	 8.6e-05	 50
495ime -50 -3000	 -31000	 3.8e-05	 7.8e-05	 50
496ime 50 -33000	 -41000	 -2.8e-05	 -2e-06	 50
497ime -50 -27000	 41000	 1.4e-05	 -6.2e-05	 50
498ime 50 -3000	 -26000	 -8.2e-05	 -9e-05	 50
499ime -50 -32000	 -7000	 -6.6e-05	 4.2e-05	 50
500ime 50 39000	 2000	 8e-06	 9.4e-05	 50
501ime -50 -31000	 -45000	 -7.2e-05	 2.2e-05	 50
502ime 50 5000	 28000	 1.6e-05	 8.8e-05	 50
503ime -50 38000	 -44000	 2.4e-05	 -9.4e-05	 50
504ime 50 -26000	 -20000	 -7.8e-05	 -9e-05	 50
505ime -50 -12000	 28000	 -1.8e-05	 5.2e-05	 50
506ime 50 -49000	 -15000	 6.2e-05	 7.4e-05	 50
507ime -50 11000	 -36000	 8.8e-05	 -7.4e-05	 50
508ime 50 10000	 39000	 -3.8e-05	 7e-05	 50
509ime -50 -6000	 -34000	 -6.2e-05	 1.4e-05	 50
510ime 50 -28000	 -32000	 -9e-05	 -5.2e-05	 50
511ime -50 -31000	 49000	 6.2e-05	 4.4e-05	 50
512ime 50 -34000	 -41000	 -1.4e-05	 -5.8e-05	 50
513ime -50 20000	 -31000	 -2.6e-05	 -6.6e-05	 50
514ime 50 -6000	 -35000	 -1.2e-05	 9.2e-05	 50
515ime -50 22000	 -34000	 2.4e-05	 8e-05	 50
516ime 50 2000	 42000	 8.2e-05	 -1.6e-05	 50
517ime -50 -3000	 15000	 -3e-05	 4.2e-05	 50
518ime 50 -40000	 1000	 3.4e-05	 -1.2e-05	 50
519ime -50 -45000	 5000	 -9.4e-05	 -6.4e-05	 50
520ime 50 41000	 -12000	 -7.4e-05	 2e-05	 50
521ime -50 -33000	 30000	 5e-05	 4.2e-05	 50
522ime 50 40000	 -24000	 7.6e-05	 7.6e-05	 50
523ime -50 14000	 -15000	 8.2e-05	 -5.6e-05	 50
524ime 50 -48000	 -46000	 -1.8e-05	 -0.0001	 50
525ime -50 -18000	 10000	 -5.8e-05	 6e-05	 50
526ime 50 -50000	 -4000	 9.6e-05	 -4e-05	 50
527ime -50 47000	 23000	 5e-05	 8.4e-05	 50
528ime 50 -17000	 -50000	 5.6e-05	 -8.2e-05	 50
529ime -50 -20000	 39000	 -6e-05	 2.8e-05	 50
530ime 50 -23000	 0	 8.6e-05	 -6.2e-05	 50
531ime -50 -40000	 4000	 -3.8e-05	 -9.6e-05	 50
532ime 50 40000	 -40000	 1e-05	 2.2e-05	 50
533ime -50 -38000	 -20000	 -2.6e-05	 4e-05	 50
534ime 50 -24000	 29000	 2.4e-05	 -4e-05	 50
535ime -50 -34000	 44000	 -8.8e-05	 9.8e-05	 50
536ime 50 -37000	 47000	 7.6e-05	 5.8e-05	 50
537ime -50 -8000	 -17000	 -1.2e-05	 1.4e-05	 50
538ime 50 41000	 -44000	 -8.8e-05	 3e-05	 50
539ime -50 -18000	 6000	 8.8e-05	 2.8e-05	 50
540ime 50 -23000	 -12000	 -2.6e-05	 4.4e-05	 50
541ime -50 24000	 -48000	 -8.8e-05	 7.4e-05	 50
542ime 50 -16000	 43000	 1.2e-05	 -8.6e-05	 50
543ime -50 -41000	 -29000	 9.8e-05	 -6.8e-05	 50
544ime 50 -26000	 0	 -4e-05	 4e-06	 50
545ime -50 9000	 -7000	 -9.4e-05	 -8.8e-05	 50
546ime 50 18000	 -36000	 6.2e-05	 -2e-05	 50
547ime -50 31000	 -49000	 3.4e-05	 -4.6e-05	 50
548ime 50 9000	 -9000	 -4.4e-05	 6e-05	 50
549ime -50 -29000	 -47000	 3e-05	 -2e-06	 50
550ime 50 -50000	 -7000	 8e-06	 9.4e-05	 50
551ime -50 12000	 38000	 -4.4e-05	 6.4e-05	 50
552ime 50 -47000	 32000	 -4.8e-05	 9.2e-05	 50
553ime -50 -32000	 -5000	 2.8e-05	 -5.8e-05	 50
554ime 50 46000	 -27000	 4.2e-05	 1.2e-05	 50
555ime -50 -31000	 -25000	 7.2e-05	 -6.8e-05	 50
556ime 50 29000	 9000	 7.6e-05	 -8e-06	 50
557ime -50 -31000	 1000	 -1.6e-05	 -2.6e-05	 50
558ime 50 11000	 1000	 -4e-05	 1.4e-05	 50
559ime -50 -8000	 47000	 7.6e-05	 5.8e-05	 50
560ime 50 13000	 7000	 3.6e-05	 -2.2e-05	 50
561ime -50 31000	 -29000	 6.8e-05	 4e-05	 50
562ime 50 11000	 -4000	 3.6e-05	 4.6e-05	 50
563ime -50 -36000	 0	 -9.8e-05	 -8.2e-05	 50
564ime 50 20000	 -22000	 4e-05	 -5.2e-05	 50
565ime -50 44000	 40000	 2e-06	 -3e-05	 50
566ime 50 15000	 47000	 -4.2e-05	 -8.4e-05	 50
567ime -50 0	 -14000	 -2e-06	 1.2e-05	 50
568ime 50 8000	 -49000	 3.4e-05	 -3.2e-05	 50
569ime -50 -2000	 -4000	 -8.8e-05	 -8.6e-05	 50
570ime 50 -37000	 -14000	 9.6e-05	 2.8e-05	 50
571ime -50 -5000	 -15000	 6.6e-05	 -1.8e-05	 50
572ime 50 22000	 7000	 2.2e-05	 2.2e-05	 50
573ime -50 30000	 12000	 -3.6e-05	 4e-06	 50
574ime 50 11000	 -6000	 8e-06	 4.8e-05	 50
575ime -50 31000	 -12000	 -2.4e-05	 7e-05	 50
576ime 50 45000	 5000	 1.8e-05	 -8.8e-05	 50
577ime -50 -36000	 40000	 4e-05	 7.4e-05	 50
578ime 50 35000	 -18000	 -3e-05	 6.2e-05	 50
579ime -50 -50000	 38000	 4.8e-05	 -6.4e-05	 50
580ime 50 -35000	 33000	 2.6e-05	 3.2e-05	 50
581ime -50 -16000	 -26000	 -7.4e-05	 -1.2e-05	 50
582ime 50 -43000	 1000	 1.8e-05	 -9e-05	 50
583ime -50 -27000	 -16000	 8e-05	 -2.4e-05	 50
584ime 50 -14000	 -21000	 -4.6e-05	 -6e-05	 50
585ime -50 -40000	 -2000	 7.2e-05	 -8e-05	 50
586ime 50 -9000	 6000	 -6e-05	 6.8e-05	 50
587ime -50 -17000	 38000	 4.2e-05	 -7.6e-05	 50
588ime 50 48000	 22000	 -7.6e-05	 3.6e-05	 50
589ime -50 -46000	 -36000	 4.8e-05	 -4e-06	 50
590ime 50 21000	 7000	 4.6e-05	 -4.4e-05	 50
591ime -50 -38000	 -13000	 5.6e-05	 -4e-06	 50
592ime 50 -42000	 -26000	 -5.4e-05	 3.8e-05	 50
593ime -50 -22000	 18000	 -9.6e-05	 6.2e-05	 50
594ime 50 -36000	 32000	 -1.2e-05	 -3e-05	 50
595ime -50 19000	 35000	 3.8e-05	 9.4e-05	 50
596ime 50 -44000	 -30000	 -1e-05	 9.2e-05	 50
597ime -50 -25000	 -48000	 2e-05	 2.2e-05	 50
598ime 50 -13000	 -20000	 -8.2e-05	 2.4e-05	 50
599ime -50 -24000	 -13000	 2.6e-05	 1e-05	 50
600ime 50 -22000	 30000	 8.2e-05	 -1.2e-05	 50
601ime -50 42000	 -17000	 -2.8e-05	 -0.0001	 50
602ime 50 -15000	 -22000	 -4.4e-05	 -8e-05	 50
603ime -50 -47000	 8000	 9.6e-05	 -0.0001	 50
604ime 50 -41000	 -11000	 3.8e-05	 -2.6e-05	 50
605ime -50 -43000	 33000	 -7e-05	 -1e-05	 50
606ime 50 -15000	 42000	 3e-05	 7.2e-05	 50
607ime -50 -30000	 -40000	 4.8e-05	 3.2e-05	 50
608ime 50 -23000	 -25000	 8.2e-05	 -3.2e-05	 50
609ime -50 30000	 -40000	 -2.2e-05	 -4e-06	 50
610ime 50 19000	 43000	 8.4e-05	 -2e-06	 50
611ime -50 -21000	 3000	 5.6e-05	 8.6e-05	 50
612ime 50 33000	 -41000	 -6.4e-05	 2e-06	 50
613ime -50 28000	 -42000	 -7.6e-05	 -6.2e-05	 50
614ime 50 22000	 17000	 1.8e-05	 -8e-06	 50
615ime -50 6000	 -39000	 8.2e-05	 -4e-05	 50
616ime 50 -38000	 9000	 5.4e-05	 6.8e-05	 50
617ime -50 -39000	 -48000	 5.2e-05	 4.8e-05	 50
618ime 50 -5000	 -33000	 -6.8e-05	 -1.2e-05	 50
619ime -50 48000	 19000	 4e-06	 6e-06	 50
620ime 50 45000	 -14000	 9.4e-05	 -7.8e-05	 50
621ime -50 -37000	 -39000	 -7e-05	 4.6e-05	 50
622ime 50 -29000	 19000	 -1.6e-05	 -1.6e-05	 50
623ime -50 26000	 16000	 -4.8e-05	 3.6e-05	 50
624ime 50 26000	 -44000	 -9.4e-05	 5e-05	 50
625ime -50 -29000	 -17000	 1.2e-05	 3.8e-05	 50
626ime 50 -4000	 39000	 -8.6e-05	 -2e-06	 50
627ime -50 -1000	 -23000	 2.6e-05	 6e-05	 50
628ime 50 7000	 -46000	 -5.2e-05	 -1.2e-05	 50
629ime -50 -17000	 39000	 9.6e-05	 8.8e-05	 50
630ime 50 21000	 0	 -2.8e-05	 3.6e-05	 50
631ime -50 -38000	 -16000	 4e-06	 -1e-05	 50
632ime 50 24000	 -8000	 3e-05	 -4.6e-05	 50
633ime -50 49000	 42000	 4.6e-05	 9.4e-05	 50
634ime 50 12000	 33000	 -1.4e-05	 -3.6e-05	 50
635ime -50 -38000	 48000	 1.8e-05	 5.4e-05	 50
636ime 50 -6000	 -49000	 -5.8e-05	 3.8e-05	 50
637ime -50 -3000	 32000	 5.6e-05	 2e-05	 50
638ime 50 45000	 13000	 2.8e-05	 7.4e-05	 50
639ime -50 25000	 8000	 -3.2e-05	 6e-06	 50
640ime 50 17000	 -38000	 -1.4e-05	 5e-05	 50
641ime -50 -48000	 -6000	 -3.2e-05	 -8.4e-05	 50
642ime 50 47000	 30000	 8.6e-05	 2.2e-05	 50
643ime -50 5000	 43000	 2.6e-05	 1.4e-05	 50
644ime 50 13000	 -35000	 -8.4e-05	 9e-05	 50
645ime -50 35000	 -41000	 3.8e-05	 -4.2e-05	 50
646ime 50 22000	 -17000	 4.4e-05	 -6e-06	 50
647ime -50 39000	 10000	 -1.2e-05	 -6.2e-05	 50
648ime 50 49000	 -39000	 3e-05	 1.4e-05	 50
649ime -50 48000	 13000	 -3.4e-05	 1.4e-05	 50
650ime 50 -49000	 47000	 9.2e-05	 -7.8e-05	 50
651ime -50 -20000	 -40000	 6.8e-05	 -6.6e-05	 50
652ime 50 -4000	 -22000	 -5e-05	 1.6e-05	 50
653ime -50 34000	 -43000	 9.6e-05	 5e-05	 50
654ime 50 2000	 -7000	 -3.8e-05	 7.2e-05	 50
655ime -50 39000	 18000	 -9.6e-05	 -8e-05	 50
656ime 50 1000	 34000	 -9.8e-05	 5e-05	 50
657ime -50 9000	 49000	 9.2e-05	 -6e-05	 50
658ime 50 45000	 30000	 -7.8e-05	 -7.2e-05	 50
659ime -50 -9000	 8000	 -2e-05	 -6.6e-05	 50
660ime 50 48000	 2000	 3e-05	 -9e-05	 50
661ime -50 17000	 -17000	 2e-05	 -7e-05	 50
662ime 50 -21000	 -29000	 2.8e-05	 6.6e-05	 50
663ime -50 9000	 3000	 -4.4e-05	 -5e-05	 50
664ime 50 26000	 23000	 2e-06	 -9.2e-05	 50
665ime -50 -8000	 37000	 -2.6e-05	 -4.8e-05	 50
666ime 50 31000	 35000	 6.2e-05	 5.4e-05	 50
667ime -50 45000	 24000	 3.2e-05	 4e-06	 50
668ime 50 -31000	 -47000	 -8e-06	 -8.8e-05	 50
669ime -50 10000	 5000	 2.4e-05	 4.4e-05	 50
670ime 50 -37000	 -37000	 2e-06	 -3.4e-05	 50
671ime -50 47000	 -14000	 6.6e-05	 8.2e-05	 50
672ime 50 12000	 44000	 2e-06	 -2e-05	 50
673ime -50 30000	 -8000	 6.6e-05	 -9e-05	 50
674ime 50 -7000	 26000	 6.6e-05	 -4.4e-05	 50
675ime -50 -37000	 -25000	 -5.8e-05	 -8.4e-05	 50
676ime 50 -3000	 24000	 7.6e-05	 -3.4e-05	 50
677ime -50 -46000	 -20000	 2e-06	 -8.8e-05	 50
678ime 50 -1000	 -31000	 1.4e-05	 -5.8e-05	 50
679ime -50 39000	 -2000	 9e-05	 -9.8e-05	 50
680ime 50 -1000	 -39000	 9e-05	 -3.6e-05	 50
681ime -50 7000	 19000	 5.2e-05	 -3.6e-05	 50
682ime 50 -19000	 7000	 1.4e-05	 4e-06	 50
683ime -50 -4000	 30000	 -7e-05	 3.4e-05	 50
684ime 50 3000	 17000	 -8e-05	 6e-06	 50
685ime -50 -45000	 37000	 6.2e-05	 -6.6e-05	 50
686ime 50 37000	 -8000	 9e-05	 -5.6e-05	 50
687ime -50 44000	 -50000	 8e-06	 8.4e-05	 50
688ime 50 34000	 -11000	 -5e-05	 6.6e-05	 50
689ime -50 -45000	 9000	 -7.8e-05	 -2.2e-05	 50
690ime 50 10000	 -44000	 7.8e-05	 5.8e-05	 50
691ime -50 43000	 34000	 -4.8e-05	 7.4e-05	 50
692ime 50 -32000	 23000	 -9.2e-05	 2.8e-05	 50
693ime -50 -11000	 33000	 -2.8e-05	 2.2e-05	 50
694ime 50 -43000	 14000	 -8e-06	 9.4e-05	 50
695ime -50 13000	 -8000	 4.8e-05	 7e-05	 50
696ime 50 -10000	 18000	 1.8e-05	 -8.2e-05	 50
697ime -50 16000	 37000	 -8e-05	 8.6e-05	 50
698ime 50 37000	 1000	 -6e-05	 -2e-06	 50
699ime -50 -41000	 23000	 -9.4e-05	 -7.2e-05	 50
700ime 50 44000	 -7000	 7.8e-05	 -5.8e-05	 50
701ime -50 21000	 35000	 -4.8e-05	 -5.6e-05	 50
702ime 50 -50000	 -24000	 -6e-06	 -1.6e-05	 50
703ime -50 24000	 1000	 8.8e-05	 6e-06	 50
704ime 50 -9000	 -31000	 -7e-05	 -2.4e-05	 50
705ime -50 46000	 -25000	 3.6e-05	 -6.8e-05	 50
706ime 50 45000	 48000	 -3e-05	 4.2e-05	 50
707ime -50 44000	 -25000	 7.2e-05	 -1.6e-05	 50
708ime 50 -38000	 26000	 4e-05	 8.4e-05	 50
709ime -50 -30000	 10000	 -5.4e-05	 -3.4e-05	 50
710ime 50 -1000	 24000	 -4.6e-05	 -6e-06	 50
711ime -50 19000	 35000	 7.2e-05	 9e-05	 50
712ime 50 27000	 22000	 8.8e-05	 3.4e-05	 50
713ime -50 -18000	 -46000	 8.6e-05	 4e-05	 50
714ime 50 41000	 22000	 -3.8e-05	 2.8e-05	 50
715ime -50 -33000	 11000	 -7.2e-05	 -4.4e-05	 50
716ime 50 36000	 11000	 -4.4e-05	 -1.8e-05	 50
717ime -50 47000	 41000	 4.8e-05	 -8.8e-05	 50
718ime 50 38000	 -1000	 -5.8e-05	 -5e-05	 50
719ime -50 29000	 48000	 2e-05	 6e-06	 50
720ime 50 -22000	 22000	 1.4e-05	 7.6e-05	 50
721ime -50 -34000	 -18000	 4.2e-05	 -6e-06	 50
722ime 50 46000	 44000	 -6e-06	 6.8e-05	 50
723ime -50 -11000	 -19000	 5.8e-05	 -8.6e-05	 50
724ime 50 13000	 -15000	 7.2e-05	 -6.8e-05	 50
725ime -50 -36000	 40000	 3.6e-05	 7.2e-05	 50
726ime 50 -39000	 -48000	 6.4e-05	 -8.4e-05	 50
727ime -50 32000	 34000	 9.4e-05	 3.6e-05	 50
728ime 50 -2000	 -27000	 3.8e-05	 -2e-06	 50
729ime -50 21000	 -40000	 1.2e-05	 4.2e-05	 50
730ime 50 13000	 -41000	 8e-06	 7.8e-05	 50
731ime -50 -8000	 -37000	 -2.2e-05	 6.8e-05	 50
732ime 50 19000	 -37000	 9.8e-05	 2.2e-05	 50
733ime -50 26000	 10000	 8e-06	 6e-05	 50
734ime 50 0	 29000	 -9e-05	 6e-05	 50
735ime -50 17000	 -26000	 -2.4e-05	 -3e-05	 50
736ime 50 48000	 -13000	 -6.6e-05	 1.6e-05	 50
737ime -50 37000	 -10000	 -4e-05	 5e-05	 50
738ime 50 12000	 -40000	 -2e-06	 7.4e-05	 50
739ime -50 43000	 30000	 -3.6e-05	 6.8e-05	 50
740ime 50 46000	 -16000	 -4.2e-05	 7e-05	 50
741ime -50 38000	 -4000	 5.2e-05	 -5.4e-05	 50
742ime 50 35000	 -38000	 4.4e-05	 -6e-05	 50
743ime -50 19000	 -15000	 9.2e-05	 -9.8e-05	 50
744ime 50 -17000	 -18000	 6e-05	 3.8e-05	 50
745ime -50 -23000	 2000	 -8.6e-05	 2e-06	 50
746ime 50 25000	 -8000	 6.8e-05	 -7.4e-05	 50
747ime -50 47000	 -46000	 -6.6e-05	 -4.6e-05	 50
748ime 50 -1000	 28000	 -6e-05	 2e-05	 50
749ime -50 -22000	 26000	 1.2e-05	 6e-06	 50
750ime 50 -47000	 42000	 -1.6e-05	 -9.4e-05	 50
751ime -50 0	 -28000	 -0.0001	 -0.0001	 50
752ime 50 -12000	 -32000	 3.6e-05	 6.6e-05	 50
753ime -50 -9000	 -44000	 4e-05	 4e-06	 50
754ime 50 36000	 -48000	 8e-05	 4.2e-05	 50
755ime -50 2000	 33000	 5.4e-05	 8.8e-05	 50
756ime 50 -29000	 49000	 -2e-06	 -2e-05	 50
757ime -50 21000	 46000	 6e-05	 2e-05	 50
758ime 50 4000	 -35000	 -5.4e-05	 4e-05	 50
759ime -50 -24000	 39000	 2.4e-05	 5.4e-05	 50
760ime 50 -30000	 35000	 -1e-05	 9.2e-05	 50
761ime -50 -11000	 29000	 -9e-05	 1.4e-05	 50
762ime 50 -48000	 -38000	 -7.2e-05	 8.2e-05	 50
763ime -50 -5000	 17000	 -1e-05	 8.6e-05	 50
764ime 50 -46000	 -47000	 2.6e-05	 -8e-05	 50
765ime -50 34000	 -43000	 5.4e-05	 2.8e-05	 50
766ime 50 27000	 -33000	 -5.2e-05	 -1.8e-05	 50
767ime -50 2000	 49000	 -8.8e-05	 5.4e-05	 50
768ime 50 29000	 25000	 9e-05	 0	 50
769ime -50 42000	 -31000	 2.2e-05	 -3.8e-05	 50
770ime 50 38000	 17000	 -5.2e-05	 6.4e-05	 50
771ime -50 2000	 16000	 -7e-05	 6.8e-05	 50
772ime 50 -16000	 11000	 6.4e-05	 4.8e-05	 50
773ime -50 -5000	 14000	 -7e-05	 -1.8e-05	 50
774ime 50 -5000	 -4000	 7e-05	 9.6e-05	 50
775ime -50 -45000	 24000	 -4.8e-05	 1e-05	 50
776ime 50 -42000	 -44000	 1.2e-05	 8.4e-05	 50
777ime -50 1000	 -28000	 -8.6e-05	 -1.8e-05	 50
778ime 50 -21000	 -18000	 5.4e-05	 2.4e-05	 50
779ime -50 7000	 41000	 5.2e-05	 6.6e-05	 50
780ime 50 -27000	 37000	 -2.6e-05	 4e-06	 50
781ime -50 -30000	 34000	 -1.2e-05	 -2.6e-05	 50
782ime 50 -27000	 21000	 -4e-05	 3.6e-05	 50
783ime -50 -45000	 -45000	 -7.8e-05	 -2.4e-05	 50
784ime 50 -29000	 27000	 6e-06	 6e-06	 50
785ime -50 -5000	 37000	 9.2e-05	 -9.2e-05	 50
786ime 50 42000	 -31000	 6.6e-05	 5.8e-05	 50
787ime -50 -45000	 -2000	 -4.2e-05	 -2.4e-05	 50
788ime 50 -31000	 -39000	 -3.6e-05	 9.4e-05	 50
789ime -50 -44000	 40000	 -6e-06	 -2e-06	 50
790ime 50 -6000	 -42000	 -2e-06	 5e-05	 50
791ime -50 -47000	 -18000	 -5.4e-05	 -2.4e-05	 50
792ime 50 -14000	 5000	 -4e-06	 -4e-05	 50
793ime -50 -26000	 -3000	 -4.6e-05	 -7.6e-05	 50
794ime 50 -43000	 -13000	 4.6e-05	 8.8e-05	 50
795ime -50 21000	 -38000	 9e-05	 5.8e-05	 50
796ime 50 -45000	 -22000	 4e-05	 8.4e-05	 50
797ime -50 -10000	 -46000	 9.8e-05	 8e-05	 50
798ime 50 -43000	 -25000	 9e-05	 -6.8e-05	 50
799ime -50 42000	 -34000	 -4.4e-05	 -4e-05	 50
800ime 50 -23000	 -50000	 6.2e-05	 7.2e-05	 50
801ime -50 5000	 27000	 5.2e-05	 8.6e-05	 50
802ime 50 46000	 12000	 -1.6e-05	 8.8e-05	 50
803ime -50 -46000	 -11000	 -6.6e-05	 -2.2e-05	 50
804ime 50 -47000	 -41000	 4.2e-05	 -7.2e-05	 50
805ime -50 9000	 -21000	 -1.8e-05	 -1e-05	 50
806ime 50 2000	 -50000	 -4.4e-05	 -3e-05	 50
807ime -50 -42000	 46000	 -4.2e-05	 5.8e-05	 50
808ime 50 -5000	 -44000	 7.6e-05	 -8e-06	 50
809ime -50 -18000	 -3000	 -2.2e-05	 -9.4e-05	 50
810ime 50 -30000	 0	 -2.8e-05	 -9.8e-05	 50
811ime -50 -33000	 5000	 2e-05	 8e-05	 50
812ime 50 9000	 36000	 5.4e-05	 -9.4e-05	 50
813ime -50 -6000	 -21000	 1e-05	 -3.2e-05	 50
814ime 50 32000	 26000	 9e-05	 -1.8e-05	 50
815ime -50 5000	 32000	 5.2e-05	 9e-05	 50
816ime 50 19000	 -39000	 -7.4e-05	 8.2e-05	 50
817ime -50 40000	 37000	 2e-05	 -8e-05	 50
818ime 50 39000	 -40000	 -9.8e-05	 -7e-05	 50
819ime -50 -29000	 -22000	 5.4e-05	 6.2e-05	 50
820ime 50 38000	 -15000	 4.8e-05	 -7.4e-05	 50
821ime -50 -8000	 23000	 -2.2e-05	 -3.8e-05	 50
822ime 50 45000	 -40000	 -8.4e-05	 -7e-05	 50
823ime -50 28000	 33000	 6.2e-05	 5.2e-05	 50
824ime 50 48000	 -44000	 5e-05	 -6.8e-05	 50
825ime -50 -28000	 -27000	 -5.6e-05	 -9.8e-05	 50
826ime 50 -22000	 -31000	 8e-05	 -6e-06	 50
827ime -50 5000	 18000	 -9.6e-05	 0	 50
828ime 50 -1000	 -7000	 8.4e-05	 1.8e-05	 50
829ime -50 48000	 38000	 8.2e-05	 -1.2e-05	 50
830ime 50 26000	 39000	 3.8e-05	 -3.8e-05	 50
831ime -50 -16000	 -6000	 -4.4e-05	 -8.4e-05	 50
832ime 50 40000	 42000	 -6e-05	 2.2e-05	 50
833ime -50 28000	 32000	 5.6e-05	 -9.2e-05	 50
834ime 50 31000	 49000	 6e-06	 9e-05	 50
835ime -50 -7000	 -24000	 -2.8e-05	 -5.6e-05	 50
836ime 50 22000	 20000	 4.6e-05	 4.6e-05	 50
837ime -50 -30000	 25000	 2e-05	 -2e-06	 50
838ime 50 23000	 25000	 -9.8e-05	 4.8e-05	 50
839ime -50 48000	 -47000	 7.8e-05	 7.8e-05	 50
840ime 50 19000	 39000	 -8.2e-05	 -0.0001	 50
841ime -50 34000	 -33000	 2.8e-05	 8e-05	 50
842ime 50 33000	 47000	 6.2e-05	 -1.8e-05	 50
843ime -50 -7000	 -40000	 -2.8e-05	 5.4e-05	 50
844ime 50 17000	 29000	 8e-05	 9.6e-05	 50
845ime -50 37000	 37000	 6e-05	 -5e-05	 50
846ime 50 13000	 33000	 2.2e-05	 9e-05	 50
847ime -50 6000	 -25000	 3.6e-05	 -9.4e-05	 50
848ime 50 -50000	 -21000	 9e-05	 9.4e-05	 50
849ime -50 30000	 40000	 9.4e-05	 -3e-05	 50
850ime 50 8000	 0	 -5e-05	 -1.6e-05	 50
851ime -50 2000	 33000	 -8e-05	 -4e-06	 50
852ime 50 -38000	 -14000	 -2e-06	 4.2e-05	 50
853ime -50 -30000	 -23000	 -8.2e-05	 -6.8e-05	 50
854ime 50 -19000	 -38000	 6.2e-05	 9.4e-05	 50
855ime -50 -8000	 46000	 5.4e-05	 4.6e-05	 50
856ime 50 -49000	 -44000	 4.2e-05	 1.8e-05	 50
857ime -50 -5000	 4000	 3.8e-05	 -5.4e-05	 50
858ime 50 -22000	 24000	 7.6e-05	 6.8e-05	 50
859ime -50 44000	 -3000	 -8e-05	 -8.2e-05	 50
860ime 50 41000	 49000	 2e-06	 -3.2e-05	 50
861ime -50 48000	 15000	 -2.4e-05	 7.4e-05	 50
862ime 50 11000	 -18000	 -9.6e-05	 7.4e-05	 50
863ime -50 -36000	 21000	 9.2e-05	 6.6e-05	 50
864ime 50 -28000	 39000	 -4.6e-05	 3.8e-05	 50
865ime -50 44000	 6000	 6.8e-05	 -4.6e-05	 50
866ime 50 6000	 23000	 3.8e-05	 2e-06	 50
867ime -50 -35000	 17000	 5.4e-05	 -7.4e-05	 50
868ime 50 -18000	 -43000	 -7.4e-05	 -7e-05	 50
869ime -50 -35000	 16000	 7e-05	 -5.8e-05	 50
870ime 50 43000	 -29000	 2e-06	 -6.2e-05	 50
871ime -50 -48000	 46000	 2.2e-05	 -8.8e-05	 50
872ime 50 34000	 -42000	 -4.2e-05	 0	 50
873ime -50 13000	 -24000	 3e-05	 6.8e-05	 50
874ime 50 29000	 38000	 -6.4e-05	 8.6e-05	 50
875ime -50 -22000	 20000	 -1.8e-05	 -8e-06	 50
876ime 50 5000	 -35000	 3.4e-05	 9.6e-05	 50
877ime -50 -26000	 15000	 1.4e-05	 -1.2e-05	 50
878ime 50 24000	 12000	 2e-06	 -6.6e-05	 50
879ime -50 -8000	 32000	 -7.8e-05	 -9.8e-05	 50
880ime 50 -29000	 1000	 8.2e-05	 -8e-06	 50
881ime -50 -6000	 6000	 -2.4e-05	 -9e-05	 50
882ime 50 4000	 -3000	 8.2e-05	 1e-05	 50
883ime -50 -7000	 -44000	 -5.2e-05	 -6e-05	 50
884ime 50 15000	 7000	 7e-05	 5.2e-05	 50
885ime -50 11000	 4000	 -2.8e-05	 -2.4e-05	 50
886ime 50 47000	 -34000	 4e-06	 -3e-05	 50
887ime -50 14000	 16000	 -1e-05	 4.2e-05	 50
888ime 50 -26000	 -27000	 -6.8e-05	 -7e-05	 50
889ime -50 27000	 40000	 -3e-05	 -6e-05	 50
890ime 50 -28000	 45000	 -5e-05	 -9.6e-05	 50
891ime -50 -46000	 -2000	 8.6e-05	 0	 50
892ime 50 -50000	 -9000	 -5e-05	 4.2e-05	 50
893ime -50 -27000	 -14000	 6.6e-05	 1.6e-05	 50
894ime 50 27000	 -49000	 3.2e-05	 3.6e-05	 50
895ime -50 22000	 -10000	 2.6e-05	 -2e-05	 50
896ime 50 -48000	 38000	 -6.8e-05	 5.8e-05	 50
897ime -50 -45000	 -26000	 -1.2e-05	 4.8e-05	 50
898ime 50 -10000	 8000	 -2e-06	 6.6e-05	 50
899ime -50 -31000	 -40000	 1.8e-05	 -2e-05	 50
900ime 50 -47000	 14000	 -1.6e-05	 2.8e-05	 50
901ime -50 -37000	 -13000	 2.2e-05	 -6.6e-05	 50
902ime 50 -28000	 9000	 7.8e-05	 -2e-05	 50
903ime -50 -20000	 3000	 6.2e-05	 -6.6e-05	 50
904ime 50 19000	 -33000	 -6.4e-05	 -2.8e-05	 50
905ime -50 19000	 -25000	 5.8e-05	 9.4e-05	 50
906ime 50 35000	 25000	 8.8e-05	 -8e-06	 50
907ime -50 42000	 6000	 -7.6e-05	 -6.8e-05	 50
908ime 50 38000	 32000	 -5.8e-05	 4.8e-05	 50
909ime -50 -6000	 -19000	 7.2e-05	 -3e-05	 50
910ime 50 24000	 -32000	 8.8e-05	 -9.2e-05	 50
911ime -50 -6000	 -2000	 4.6e-05	 -8.2e-05	 50
912ime 50 27000	 -8000	 -1.8e-05	 9.8e-05	 50
913ime -50 4000	 24000	 -8.6e-05	 1.8e-05	 50
914ime 50 -42000	 5000	 4e-06	 4e-06	 50
915ime -50 6000	 36000	 -7.4e-05	 -8e-06	 50
916ime 50 -9000	 -38000	 -1.4e-05	 -8e-06	 50
917ime -50 3000	 45000	 8.6e-05	 5.8e-05	 50
918ime 50 -25000	 1000	 -8e-05	 8.6e-05	 50
919ime -50 41000	 -42000	 -8.4e-05	 -7.2e-05	 50
920ime 50 -25000	 -5000	 -8.8e-05	 1.4e-05	 50
921ime -50 33000	 33000	 -6.6e-05	 -3.6e-05	 50
922ime 50 -42000	 -6000	 3.2e-05	 -8.4e-05	 50
923ime -50 -44000	 -34000	 -9.8e-05	 4.2e-05	 50
924ime 50 -25000	 42000	 3.8e-05	 -5.6e-05	 50
925ime -50 1000	 4000	 3.4e-05	 6.8e-05	 50
926ime 50 -11000	 5000	 1.6e-05	 -2.4e-05	 50
927ime -50 31000	 -29000	 -9.4e-05	 -1.2e-05	 50
928ime 50 -4000	 18000	 7.4e-05	 -3.4e-05	 50
929ime -50 -22000	 1000	 5.6e-05	 -9.2e-05	 50
930ime 50 8000	 -5000	 -8.4e-05	 7e-05	 50
931ime -50 27000	 -11000	 -4e-06	 4.4e-05	 50
932ime 50 42000	 -12000	 -1.6e-05	 3.2e-05	 50
933ime -50 37000	 45000	 9.2e-05	 -1.2e-05	 50
934ime 50 36000	 -39000	 9.6e-05	 -3.2e-05	 50
935ime -50 15000	 -32000	 -7e-05	 3.6e-05	 50
936ime 50 -32000	 -10000	 8.6e-05	 -4e-05	 50
937ime -50 38000	 -8000	 4.6e-05	 9.4e-05	 50
938ime 50 -34000	 -47000	 -9e-05	 8e-06	 50
939ime -50 -2000	 -14000	 4e-06	 5.2e-05	 50
940ime 50 -43000	 -12000	 -2.8e-05	 -5.4e-05	 50
941ime -50 18000	 -26000	 1.2e-05	 2e-06	 50
942ime 50 -17000	 38000	 5.8e-05	 -4e-06	 50
943ime -50 27000	 11000	 6e-06	 -7.4e-05	 50
944ime 50 -16000	 -26000	 3.4e-05	 8.2e-05	 50
945ime -50 8000	 34000	 -4.8e-05	 -6.8e-05	 50
946ime 50 -14000	 4000	 5.8e-05	 -9.6e-05	 50
947ime -50 -18000	 18000	 -5.8e-05	 3.2e-05	 50
948ime 50 23000	 16000	 0	 2.2e-05	 50
949ime -50 3000	 15000	 3.4e-05	 -5.6e-05	 50
950ime 50 31000	 21000	 -6.2e-05	 8.4e-05	 50
951ime -50 -15000	 30000	 2e-05	 -4.2e-05	 50
952ime 50 -32000	 38000	 -6.6e-05	 -3.8e-05	 50
953ime -50 -45000	 39000	 -6.8e-05	 3.4e-05	 50
954ime 50 -17000	 -22000	 7.2e-05	 -5.8e-05	 50
955ime -50 -24000	 -6000	 -2.2e-05	 5e-05	 50
956ime 50 26000	 35000	 5.8e-05	 2e-06	 50
957ime -50 47000	 -31000	 3.2e-05	 9e-05	 50
958ime 50 -26000	 32000	 -2e-06	 -7.4e-05	 50
959ime -50 34000	 42000	 -2.6e-05	 1e-05	 50
960ime 50 4000	 18000	 8.6e-05	 3.2e-05	 50
961ime -50 -33000	 15000	 -1.8e-05	 3.6e-05	 50
962ime 50 -20000	 13000	 3e-05	 3e-05	 50
963ime -50 5000	 43000	 9.2e-05	 -3.8e-05	 50
964ime 50 40000	 26000	 -3e-05	 -6e-05	 50
965ime -50 -15000	 26000	 1.2e-05	 1.8e-05	 50
966ime 50 13000	 9000	 4e-06	 7.6e-05	 50
967ime -50 21000	 -39000	 3.6e-05	 3.2e-05	 50
968ime 50 7000	 45000	 -5.8e-05	 -7.2e-05	 50
969ime -50 15000	 -49000	 9.6e-05	 -6.6e-05	 50
970ime 50 -14000	 -5000	 9.6e-05	 5.4e-05	 50
971ime -50 -39000	 29000	 -1.4e-05	 9.8e-05	 50
972ime 50 -14000	 21000	 -9.2e-05	 1e-05	 50
973ime -50 -49000	 49000	 -3.2e-05	 2e-05	 50
974ime 50 -39000	 5000	 3.4e-05	 5.6e-05	 50
975ime -50 -23000	 9000	 -2e-06	 -9.8e-05	 50
976ime 50 39000	 2000	 3e-05	 5.2e-05	 50
977ime -50 38000	 -14000	 -3e-05	 6.2e-05	 50
978ime 50 38000	 46000	 -8.8e-05	 -4e-06	 50
979ime -50 25000	 26000	 1.8e-05	 5.4e-05	 50
980ime 50 22000	 -8000	 8e-06	 0	 50
981ime -50 -9000	 -6000	 -7.6e-05	 8.8e-05	 50
982ime 50 1000	 -41000	 -8e-06	 -8.4e-05	 50
983ime -50 7000	 -15000	 -5e-05	 3.8e-05	 50
984ime 50 -40000	 17000	 -9e-05	 5.6e-05	 50
985ime -50 -5000	 -48000	 3.6e-05	 3.4e-05	 50
986ime 50 -42000	 -30000	 -8e-05	 6.6e-05	 50
987ime -50 -25000	 -8000	 -5e-05	 -6.6e-05	 50
988ime 50 14000	 -31000	 7.4e-05	 2e-06	 50
989ime -50 7000	 -1000	 4.8e-05	 -8e-06	 50
990ime 50 35000	 -48000	 3.4e-05	 -5.8e-05	 50
991ime -50 6000	 -9000	 1e-05	 -6.2e-05	 50
992ime 50 -41000	 -35000	 7e-05	 -7e-05	 50
993ime -50 3000	 36000	 9.2e-05	 4.8e-05	 50
994ime 50 30000	 -25000	 2.2e-05	 9.2e-05	 50
995ime -50 -39000	 15000	 -8.6e-05	 4.8e-05	 50
996ime 50 -29000	 33000	 -4.8e-05	 -8.8e-05	 50
997ime -50 48000	 15000	 1.8e-05	 -6.4e-05	 50
998ime 50 -35000	 -13000	 -2.8e-05	 9.8e-05	 50
999ime -50 -2000	 25000	 -3e-05	 4e-05	 50
